;TOKEN NUMBER    LEXEME          LINE #          COLUMN #       
257             #include        1               1              
60              <               1               10             
258             stdio           1               11             
46              .               1               16             
258             h               1               17             
62              >               1               18             
291             int             3               1              
258             main            3               5              
40              (               3               9              
41              )               3               10             
123             {               4               1              
289             char            5               8              
258             a               5               13             
91              [               5               14             
259             100             5               15             
93              ]               5               18             
59              ;               5               19             
291             int             6               8              
259             0               6               12             
258             b               6               13             
61              =               6               15             
259             100             6               17             
59              ;               6               20             
291             int             7               8              
258             hb              7               12             
61              =               7               14             
259             22              7               18             
59              ;               7               20             
258             scanf           8               8              
40              (               8               13             
260             "%s"            8               14             
44              ,               8               18             
258             a               8               19             
41              )               8               20             
59              ;               8               21             
258             printf          9               8              
40              (               9               14             
260             "String : %s\n" 9               15             
44              ,               9               30             
258             a               9               31             
41              )               9               32             
59              ;               9               33             
315             return          10              8              
259             0               10              15             
59              ;               10              16             
125             }               11              1              
